       0
       0
       0
       0
     -11
     -48
       8
      17
     -71
      28
      52
     -69
     -51
     -75
     -97
     -85
    -140
     -63
    -106
    -178
     -34
    -154
    -271
     -92
    -116
    -133
     -54
    -129
    -100
     -71
    -152
     -99
     -77
    -114
     -43
     -16
     -29
     -17
      49
      48
     -10
      88
      72
       6
     124
      69
       7
     107
      36
     -12
      36
      -4
     -11
     -16
       3
      -3
     -30
      42
      20
     -49
      15
      10
     -55
       8
      45
      10
       1
      -3
     -65
     -78
       3
      11
     -26
     -31
     -22
     -12
     -42
     -57
      -3
      34
      52
      48
       0
      15
     -12
      -8
      40
     -45
     -13
      56
     -73
     -68
       1
     -72
     -16
      14
     -64
     -48
     -15
     -19
     -34
      24
      60
      23
      42
      42
      -7
      30
      63
      65
      71
      29
      18
       0
      28
      33
     -29
      21
      19
     -59
     -15
      23
     -18
      38
      38
     -63
     -54
     -29
     -23
     -34
     -48
     -18
     -11
     -31
     -13
     -16
      51
      84
      13
      51
      80
       3
      38
      95
      17
      16
      87
      35
      -9
     102
      94
      32
     127
     111
      33
     118
     106
      45
      74
      48
      39
      24
     -18
      21
      -9
     -16
      89
     -28
    -101
      33
      -5
     -42
      37
      -4
      -8
      95
      54
      -9
      41
      66
      69
      79
      53
      20
      68
      83
      17
      18
       3
     -37
      34
      17
     -69
      23
      16
     -54
      23
       4
     -63
     -19
     -40
     -71
     -25
     -46
     -50
       4
     -49
     -83
     -15
     -68
     -97
      17
       2
     -51
      36
     -12
     -50
      47
      10
      12
      83
      32
       1
      43
      36
     -16
     -28
      39
      35
     -17
      27
      -5
     -45
      14
       4
      -2
      32
      49
      80
      68
      20
     102
     126
       7
      99
     132
      -2
      76
      85
      -9
      84
      39
     -49
      20
     -17
     -17
      20
     -33
       7
      38
     -65
     -15
       5
     -87
      -8
      21
     -56
      -6
      23
     -17
      20
      26
      41
       1
       6
      64
     -14
     -14
      27
     -18
      33
      10
     -60
      19
     -30
     -76
      20
     -33
     -78
       3
     -32
     -65
     -53
     -32
     -15
     -15
       4
     -22
     -13
      37
      73
      49
      60
     136
     104
      69
     115
      43
      19
     149
      65
       7
      79
      -1
     -54
     -26
     -39
     -88
     -15
      35
     -22
      21
      25
     -41
      43
      82
      -6
      61
      76
      -3
      50
      47
       9
      37
      42
      76
      63
      47
      99
      71
      14
      46
      87
      32
      18
     100
      44
     -37
      61
     -17
     -88
      53
      -4
     -36
       6
     -69
     -45
      25
     -72
     -52
      45
     -58
     -43
      58
     -11
     -17
      50
       0
     -26
     -24
       0
      25
      -7
      21
      69
       2
       6
      76
      25
      30
      99
      46
      61
      89
     -50
     -14
      45
     -78
     -14
      10
    -130
     -60
     -12
    -117
     -85
     -11
     -31
      14
      41
      -6
      40
      80
      41
      63
      59
      14
      78
      92
      26
      53
      28
     -13
      -4
     -29
     -36
     -18
       0
      22
     -11
     -69
     -17
      -1
     -27
      28
      50
      22
      64
      76
       1
       7
      11
     -22
     -25
     -28
     -36
     -59
     -67
     -74
     -30
       4
      -7
       5
       5
      13
      38
       0
      20
      57
      14
      29
      -4
     -89
     -51
     -28
     -63
      12
      41
     -28
      -9
      51
       0
      14
      95
      33
      32
      75
      30
       9
      41
      66
      46
      22
       4
      13
       8
      -6
     -13
      13
      -5
     -50
      -1
     -44
     -78
      20
      -9
     -51
      28
      -9
     -52
      29
       1
     -35
      17
     -18
     -30
      -1
     -43
     -46
     -47
     -57
      14
      20
     -37
     -19
       5
     -39
     -44
     -12
     -30
     -41
      14
     -65
    -101
      24
     -22
     -21
      70
       6
       8
      73
      -5
      -4
      33
      -7
      31
      46
     -38
       5
      51
     -52
     -48
      14
     -22
     -20
      55
      32
     -11
      18
      21
      -9
      30
      17
      18
      85
      -9
       1
      80
     -17
     -23
      11
     -44
     -23
       1
     -12
      10
       7
      -9
       8
       5
      -7
      13
      29
       8
     -31
     -20
      -1
     -76
     -96
       1
     -66
     -85
       6
    -100
     -72
      11
    -127
     -91
     -42
    -134
     -10
      37
     -79
     -11
      24
     -51
     -11
      22
      29
      67
      89
      73
      35
      43
      45
      56
      90
      55
      33
      71
      -1
     -37
      25
     -32
     -64
     -31
     -93
    -106
     -57
    -122
    -111
     -37
    -114
    -110
     -53
    -138
    -100
     -10
     -95
     -55
      12
     -83
     -51
     -20
    -124
     -89
     -12
     -93
     -84
      -5
     -64
    -117
     -51
     -54
     -89
     -10
      -8
     -15
      33
       7
      30
      36
      12
     127
     126
      67
     162
     165
     109
     173
     175
      94
     134
     153
      61
      91
     117
      -1
      -6
      33
      12
      -2
      -8
      27
      42
     -23
      28
      61
     -18
      85
     122
      -1
      54
      90
     -18
      32
      58
     -13
      -9
     -62
    -120
     -92
     -93
     -86
     -70
     -69
     -32
     -45
     -65
       9
      15
       9
      75
      70
      46
      42
       9
       2
      23
      35
      53
      16
       8
      37
      29
     -23
     -16
      14
     -11
      14
      -4
     -62
     -26
      27
      -8
      29
      46
      19
      84
     103
      46
      51
     107
      53
      37
      63
     -15
     -27
      44
     -14
     -39
      38
      17
     -11
      41
      55
      19
      62
     141
     120
     105
     182
     141
      88
     108
     110
     108
     124
     124
     115
      79
      19
      39
      36
      42
      32
      -2
      27
      34
     -42
     -26
      18
     -77
       2
     110
     -52
     -61
      96
       6
     -50
      37
       2
     -43
      -3
      18
     -19
     -59
     -19
       3
     -34
      40
      63
       5
      25
      28
     -13
      12
      28
      20
      33
     -44
     -66
     -14
     -74
     -58
      60
     -20
     -19
      76
     -88
     -99
      34
      -9
      -9
     -22
     -61
       5
     -38
     -61
       5
     -64
     -43
      40
     -18
     -32
      16
      58
      63
      -5
      31
      52
     -16
      67
      84
     -13
      61
      82
       5
      77
      86
      25
      98
      88
      36
      82
      41
      17
      66
       0
      -7
      21
     -31
     -23
     -10
      21
     -16
     -41
      44
      -1
     -11
     144
      58
      -9
     140
      51
      13
     126
      34
       5
     148
     106
      33
      74
      35
      19
      84
      55
      16
      83
      95
      89
      99
      48
      58
     107
      88
      97
      72
      35
      67
      58
      65
     101
      15
     -29
      53
      14
      -4
      47
     -13
      36
     103
     -30
      16
      54
     -26
      57
      48
     -40
      30
      71
      37
      42
      -6
      12
       3
     -28
      29
       7
     -24
      48
      30
     -39
      20
      36
       8
       5
      13
      16
      45
      98
      85
      62
      57
      24
     -11
       2
      19
       8
      -4
     -15
     -71
     -49
     -39
    -116
     -29
      31
     -62
      -5
      64
     -31
     -23
      48
      -7
     -24
      15
     -33
     -54
      -6
     -19
     -69
     -32
     -18
     -17
      16
      -8
     -21
      55
      54
     -17
      -3
      40
     -17
     -97
     -16
     -22
     -84
     -22
     -34
     -86
     -58
     -52
     -63
     -74
     -29
      34
     -46
     -35
       3
     -83
     -54
     -26
     -81
    -105
     -68
     -20
    -110
    -136
     -13
    -146
    -188
      10
    -114
    -145
      73
       7
     -47
      48
       7
     -26
     -18
      13
      40
     -18
       3
      13
     -74
     -19
       5
     -81
      -8
      71
      -6
      22
      69
      11
      24
     105
      53
     -43
      26
      13
     -60
     -10
      -6
     -64
       4
      18
     -56
     -29
     -31
     -78
       4
      31
     -39
       6
     -14
     -27
     -15
     -55
     -20
     -55
     -73
      -1
    -131
    -154
       8
     -89
     -76
      35
     -45
     -38
     -26
     -46
       7
       6
       8
      31
     -60
     -75
      -2
     -93
    -116
       1
     -44
    -102
     -16
     -29
     -81
     -10
     -10
     -53
      -8
       5
     -51
     -76
     -17
     -65
    -114
      -6
     -16
     -52
      41
       6
     -84
     -16
     -21
     -84
      24
      60
     -53
      -6
      49
     -41
     -37
      23
     -11
      14
     103
      51
     -48
      -7
      53
      31
      37
      37
      40
      37
      49
      96
      16
       3
     127
     114
      33
     105
      91
     -14
      71
     139
      32
      24
      78
       6
      15
      12
     -27
       7
     -42
     -68
     -17
    -101
    -115
     -37
     -69
     -55
     -37
     -73
     -64
     -69
     -81
      -4
      -9
     -91
     -40
      -2
     -96
     -49
      12
     -73
     -32
       7
     -80
     -70
     -50
     -37
      14
     -50
     -22
      60
     -33
     -40
      39
     -38
       5
     102
      16
      13
      59
     -42
     -36
      13
     -48
     -18
      23
     -19
     -19
      -2
     -41
     -34
     -67
     -33
      17
    -117
     -72
      35
     -98
     -86
      -1
    -120
     -83
      -1
     -96
     -20
      64
     -18
      16
      71
       7
      63
     125
      50
     102
     149
     111
      77
      63
      70
      43
      80
      75
     -12
      14
      28
     -53
     -30
      17
      -4
      26
      79
      15
     -43
     -22
     -27
      37
      11
     -78
      42
       3
    -139
     -31
     -65
    -141
       5
      -6
     -78
     -47
     -43
     -32
     -30
     -12
      12
       1
      -9
     -12
     -25
      10
      22
       2
      41
      17
     -54
     -13
     -13
    -107
     -28
     -15
    -137
     -71
     -85
    -174
     -70
     -65
    -129
     -49
     -87
    -122
     -74
     -98
     -74
     -92
    -163
    -113
     -86
    -164
     -95
     -61
    -136
     -91
     -61
    -115
    -103
     -30
     -35
     -93
     -81
     -32
     -87
    -116
     -73
    -122
    -101
     -49
     -95
    -108
     -72
     -33
    -102
    -135
     -79
     -92
     -83
     -28
     -36
     -52
     -25
     -20
     -13
     -38
     -43
      17
      -2
     -59
     -28
     -17
     -89
     -53
     -15
     -93
    -108
     -58
     -22
     -63
     -71
      -5
     -20
     -15
      37
       0
      -7
      49
      41
      39
      43
      28
      36
       1
     -19
       8
     -29
     -48
      26
      49
      38
      64
      59
      62
      87
     106
     126
      94
      84
      68
      -2
      -6
      -3
     -26
     -18
       7
       1
     -40
     -23
       1
     -42
       0
      18
      -6
      46
      -4
     -37
       2
     -53
     -59
     -20
     -42
     -10
      30
     -18
     -65
     -45
     -25
     -35
     -31
     -21
      21
      19
     -56
     -15
     -18
     -84
       8
      12
     -61
       5
     -14
     -65
     -22
     -82
     -96
     -41
     -54
     -27
     -32
     -68
      -1
      30
     -39
       2
       6
       7
      91
      33
      23
      71
      35
      25
      18
       4
      97
      78
      14
      68
      38
       8
      67
      30
     -11
      85
      54
     -39
      40
       9
     -63
      16
     -54
     -76
      21
       1
     -30
       0
     -30
     -36
     -33
     -56
      19
      18
      -8
      47
     -34
    -112
       2
     -34
     -95
      -1
     -49
     -75
      13
     -40
    -100
     -19
      19
     -25
       6
      40
     -20
       4
      67
      -2
      11
     101
      88
      81
     107
      99
      86
     120
     126
      86
     117
     102
      61
     114
      95
      60
     115
      96
      66
     124
     137
     103
      61
      56
      59
      32
      28
      29
      15
      47
      42
       2
      45
       3
      11
     126
       5
      10
     142
     -20
     -18
      81
     -51
     -47
      21
      -9
      -4
     -25
      -3
       4
     -49
     -14
     -24
     -68
     -14
     -21
     -82
     -73
     -22
      -8
     -76
     -56
      12
     -16
       9
      46
     -23
      24
      73
      13
      43
      72
      65
      -6
     -89
     -57
     -70
     -89
     -20
     -61
    -104
     -51
     -92
    -123
     -48
      -8
      -7
      11
      18
     -34
     -52
      14
      -3
     -22
      76
      60
     -15
      46
      71
      17
      72
     149
      83
      69
     113
      16
      -9
      28
     -60
      11
      69
     -64
     -17
     -16
    -132
     -61
     -20
     -76
       4
      65
     -34
     -16
      42
     -67
     -13
     103
     -11
      15
     106
      15
      29
      76
      27
      55
      86
      91
      78
      81
     102
      61
      90
      96
       5
      58
      97
     -18
      53
      72
     -68
      -7
      26
     -29
       2
      22
     -32
     -47
      -6
     -21
      -6
      60
      35
     -33
       3
      -9
     -41
      -2
     -22
     -12
     -19
     -39
     -32
     -80
     -18
      51
     -30
      -1
      28
     -76
     -17
      35
     -33
      -9
      21
       6
     -17
       0
     -19
     -65
      11
      40
     -46
     -68
     -28
     -33
     -48
     -65
     -88
     -84
     -32
     -23
     -69
     -66
     -19
      30
       1
     -39
     -37
       3
      19
      26
      19
     -11
      44
     102
      42
      18
      76
      83
     109
      79
      36
      86
      50
      43
      73
     -32
     -20
      87
      -5
    -110
       0
       2
    -100
      11
      54
     -83
     -58
      35
     -54
     -59
      -4
     -43
     -42
     -34
     -51
     -86
     -86
     -32
     -13
     -92
     -44
      16
     -78
      25
      49
     -97
      18
      82
     -64
     -10
      44
     -60
      -9
     -10
     -76
     -10
     -10
     -56
     -12
     -43
     -90
     -61
     -39
     -17
     -45
     -14
     -17
     -95
     -41
      -8
     -90
     -20
      16
     -17
      30
      -4
       5
      37
      44
      81
      89
     118
     145
      70
      94
     132
      63
      62
      73
      35
      12
      28
     -32
    -105
     -38
     -36
    -148
     -82
     -56
    -140
     -70
     -58
    -118
     -77
     -76
    -101
     -66
     -30
       9
      21
      18
      40
      71
      28
      -9
     106
     127
      41
     149
     148
     -20
      78
      98
     -27
      74
     149
      53
      50
      78
     -13
     -33
      14
      11
      20
      32
     -31
     -23
       4
     -60
     -54
      22
       5
     -15
      42
     -21
     -60
      44
      11
     -63
      29
       8
     -20
      69
      66
      39
      80
     106
      35
      35
     103
      76
      62
     108
      80
      42
      11
      41
      47
     -41
      60
     116
     -28
       9
      66
     -48
       0
      47
     -33
      11
      74
       3
     -19
       2
     -68
      -1
      40
     -54
     -28
     -12
     -92
     -51
     -35
    -103
     -93
     -99
    -124
    -140
    -121
    -127
    -123
     -95
    -111
     -93
    -104
     -95
      43
      15
     -11
     134
      48
      18
     149
      61
      58
     166
     117
      94
      93
      87
      85
      35
      35
      32
      15
      67
      30
     -20
     -15
     -77
     -45
      -9
     -82
     -21
      38
     -28
      -6
     -18
     -82
     -56
      -7
     -11
     -10
      -2
     -25
     -46
     -66
     -74
     -58
     -21
      15
      30
      24
      13
     -23
      -9
      33
      15
       4
       9
       0
     -10
     -23
     -36
     -73
     -68
      14
     -31
     -66
      34
      -4
     -29
      49
     -19
     -93
      14
      43
     -10
      43
      54
     -16
      48
      99
      17
      45
     103
      79
      85
      97
      48
      53
      80
      34
     -11
      -5
      -8
     -20
      21
       4
     -59
     -12
     -22
    -101
     -66
     -38
     -87
     -17
      28
     -45
     -37
     -24
     -28
     -11
     -66
     -43
       2
     -94
     -31
      14
    -123
     -63
     -23
     -94
     -67
    -105
     -50
      -6
     -82
      -5
     -28
    -141
     -26
     -13
    -117
     -49
     -31
     -70
     -39
     -60
    -101
     -28
      -3
     -56
      33
       9
    -125
      -1
      33
    -113
      -5
      48
     -69
     -34
       6
     -39
     -66
     -11
      16
     -85
     -31
      46
     -83
     -33
       4
    -126
     -62
     -47
    -144
     -75
     -59
    -100
     -96
    -144
    -114
     -99
    -141
     -55
     -45
    -164
     -89
     -47
    -161
    -111
     -48
     -71
     -34
     -36
     -57
     -64
    -113
     -50
     -38
     -74
     -21
     -30
      -3
     -37
    -107
      -1
     -21
     -59
     107
      79
      -5
      98
      89
      56
     104
     101
      61
      61
      77
      22
      -8
      20
     -22
     -82
      29
       3
     -99
       5
      23
     -54
      10
      41
     -29
      33
      68
      34
      56
      49
      22
      46
      11
     -21
      26
      17
      14
      17
     -34
     -49
     -42
     -46
     -12
     -25
     -35
      44
      44
      20
      40
      19
      16
      88
      50
     -21
      41
      17
     -46
      14
     -19
     -92
      31
      21
     -64
      43
      27
     -57
      37
      29
      -7
      43
      12
     -22
       3
      -3
     -39
     -41
     -35
      15
      29
      -3
     -17
       1
      22
     -33
     -50
     -15
     -23
      18
      11
     -97
     -98
     -32
     -33
     -72
     -72
      18
       8
     -27
      20
     -57
     -52
      45
      11
     -31
     -26
       8
      15
     -38
      -6
      -9
     -74
     -48
     -51
     -58
     -47
     -31
       1
     -20
     -10
       4
     -26
      -4
      18
      14
      34
       0
     -46
     -19
     -29
    -102
     -34
      21
    -156
     -83
      70
     -83
     -53
     108
      23
     -11
      94
      42
     -41
      18
      94
      21
      25
      73
       2
      -8
      13
       1
     -25
      44
      93
      66
      52
      46
      45
      21
      23
      81
      75
      67
     118
      49
      25
      79
      58
      50
      46
      58
      69
       8
      24
      29
       4
      68
      36
     -27
       2
      51
      38
      16
      72
      44
     -22
      62
      53
     -62
     -11
      23
     -29
     -39
     -15
     -12
     -77
     -36
      29
     -97
     -84
      28
     -59
     -48
      17
     -55
     -55
     -29
     -20
      -7
     -14
      41
     -13
     -68
      15
     -16
     -57
      -8
     -30
     -58
     -28
       2
     -39
     -48
      53
      43
     -39
      51
      89
      22
     100
     143
      41
      55
     125
      36
      20
     116
      47
      -3
      79
     -16
     -78
      41
      -9
     -86
      19
     -16
     -74
       4
     -13
    -112
     -54
       7
     -70
     -18
      15
     -77
     -28
      61
     -29
     -20
      60
      19
      16
      41
      33
      53
      43
      21
      61
     -16
     -41
      50
     -26
     -53
      22
     -18
     -22
     -20
     -39
     -12
     -46
     -51
       0
      -5
     -41
      28
      53
     -39
     -18
      48
     -72
     -46
      72
     -31
       3
      62
     -56
     -31
      71
     -10
     -30
      73
      37
      18
      92
      54
       9
      39
      76
      43
       8
      27
      22
     -28
      -5
      23
     -44
     -40
     -17
     -36
     -22
      -5
     -48
     -12
      42
     -31
     -15
      32
     -23
      25
      73
      -3
       7
      76
      21
     -13
      76
      38
       0
      77
       6
     -31
     125
      49
     -35
     121
      50
       7
     101
      24
      33
      98
       8
     -15
      16
      -2
       1
     -22
     -36
     -22
     -18
     -28
     -91
     -78
     -22
     -48
     -70
     -58
     -55
     -72
     -62
     -68
    -117
    -119
     -15
      14
     -45
      34
      60
     -31
      31
      70
      11
      91
     110
      68
     125
      63
      10
      71
      11
     -22
      68
      27
     -38
      38
      57
      -6
       3
      17
     -11
       9
      19
      -3
      -4
       0
       7
      -2
     -10
      20
      36
     -14
      -3
      11
     -37
     -37
     -31
     -17
      -7
     -44
     -61
     -95
    -126
     -12
     -41
    -102
      31
     -20
     -74
      13
     -54
     -56
      42
      55
      36
     -18
      39
      83
     -17
      80
     175
      13
      79
     156
       9
      59
     115
      21
      33
      46
       4
      32
     -16
     -16
      35
     -34
       6
       6
     -64
       9
     -31
     -53
      33
    -121
    -120
      29
    -138
    -122
     -41
    -150
     -71
     -26
     -99
    -119
    -111
     -44
     -46
     -62
     -17
     -26
     -24
     -10
     -55
      -8
       1
     -53
      33
      40
     -30
      -7
       1
     -21
      -3
     -84
     -65
     -20
     -85
      30
       4
    -149
      -5
       9
    -117
      32
     101
      23
      87
     121
      48
      93
     162
      98
     115
     166
      91
      88
     110
      76
      85
      97
      60
     -11
      -5
      16
     -97
     -88
     -12
    -151
    -140
     -24
    -184
    -197
     -45
    -149
    -145
       3
     -67
     -55
      65
       0
     -22
      15
      -8
       2
       6
       5
     -17
     -59
     -39
     -71
    -133
     -76
    -134
    -190
     -91
    -135
    -170
     -83
    -146
    -112
       0
     -94
     -67
      50
     -18
     -18
     103
      32
       8
      82
      27
       2
      53
      27
     -35
     -20
     -11
       8
      -3
     -54
      -9
      10
     -87
     -25
      58
     -62
      -3
      85
     -44
     -17
      85
      29
     -28
      42
     119
      -8
     -26
     105
      -7
     -11
     124
      -4
     -72
      22
      -6
     -21
      15
     -28
     -45
       9
      -4
     -50
     -29
     -45
     -51
     -16
     -70
    -115
     -42
     -20
     -54
     -48
     -49
     -45
       6
      16
      -3
      73
      92
      86
     108
     100
      82
      84
     114
      98
      52
      56
      84
      38
      44
      95
      26
      -4
      45
       6
     -21
       0
     -47
     -35
      -8
     -73
     -47
     -22
     -78
     -22
       4
     -65
      -9
      19
     -26
      33
      40
     -37
     -10
      60
      23
     -19
      24
      -9
     -20
      36
     -23
     -21
      40
      -3
      -6
     -23
     -58
      22
       2
     -26
       7
     -12
      24
      -8
     -72
      16
      11
     -95
     -46
     -24
    -103
     -76
     -18
     -93
     -82
      15
     -34
    -116
     -52
      -4
     -59
     -39
     -27
     -68
     -35
     -50
    -113
     -49
     -40
     -49
     -19
     -86
     -69
     -67
     -91
     -21
     -31
     -50
      19
      15
     -62
     -30
      45
      10
     -10
      72
      74
      54
     109
      92
      70
      80
      97
     138
      56
      -7
     108
      82
     -75
      22
       0
    -161
     -30
     -14
    -194
    -120
      -1
    -110
     -83
      -3
    -106
     -97
      24
     -48
     -73
      -8
     -25
      24
      -9
     -29
      30
     -37
     -33
      66
     -19
     -29
      70
       2
     -20
      17
     -21
     -21
       4
     -34
     -23
     -23
     -68
     -22
     -26
     -58
     -11
     -33
     -80
     -52
     -89
     -64
      19
     -58
     -86
     -36
     -70
     -96
     -76
     -76
     -12
     -14
      27
      66
     -16
      67
      79
       8
      43
      30
      21
      83
      21
       3
      73
     -12
     -44
      13
     -48
     -61
      67
       2
     -92
      29
     -11
     -88
       7
     -24
     -58
      58
      30
     -43
       4
      29
      16
      35
      23
     -29
     -29
      23
     -13
     -72
      19
      11
       0
      39
     -14
       1
      34
     -30
     -50
      -8
     -23
     -47
      20
     -11
    -110
     -17
     -13
     -91
     -49
     -17
       0
      -2
     -53
     -18
      15
      -6
     -40
     -22
      44
     -18
      32
      96
     -23
       6
      95
      25
     -36
      16
      82
      28
     -27
      35
       9
     -66
      -7
      10
     -34
      -4
      51
     -23
     -61
      65
       1
     -45
      75
      38
      11
      65
     -16
     -12
      73
      20
      47
      62
      28
      40
      22
      52
      65
      19
      10
      24
     -47
     -32
      19
     -55
     -64
       2
       6
     -47
     -30
      18
      33
       8
      20
      48
      15
       8
      27
      32
     -34
     -25
      62
       7
      -9
      70
      34
      10
     100
      19
     -56
      57
      32
     -42
      24
       1
     -80
      24
     -23
    -107
      15
      -7
     -36
      66
      -4
     -52
      86
      -7
     -67
      23
     -33
     -55
      -2
      27
      -7
       1
      61
      25
     -23
      91
      85
      28
     169
     103
       7
     123
     111
     -19
      49
     110
     -18
     -20
      91
       3
     -32
     122
      26
     -46
      76
      59
       5
      25
      21
      24
      26
      36
      15
     -41
      28
      23
     -67
     -40
       2
      16
      22
     -28
      -6
      64
     -28
     -24
      31
     -69
      15
      94
     -45
     -14
      53
     -27
      30
       0
     -67
      67
      74
      12
      51
      29
       1
      75
      89
       7
      14
      92
      54
       5
      23
      18
      -3
       2
     -27
     -13
       8
     -32
     -19
     -37
    -114
     -86
     -22
     -74
     -47
      26
     -29
     -97
     -27
      11
     -60
     -10
      37
     -11
       2
     -15
     -63
     -37
    -105
    -106
     -31
    -127
    -127
     -25
    -103
    -166
     -73
     -91
    -121
     -29
      27
     -20
      -2
      25
     -38
      -4
       6
      27
      64
      21
      49
      52
     -45
      13
      39
     -78
      29
      80
     -29
       8
      38
     -27
     -12
      24
       1
      20
      31
      32
      39
      14
      35
      79
      65
      15
      45
     111
      55
       3
      88
      39
     -24
      99
      52
     -53
      50
      60
      -8
      54
      13
      16
      89
      26
     -11
       9
     -42
     -21
      39
     -35
     -29
      -9
     -71
     -77
     -78
     -82
     -16
     -28
     -84
     -44
     -83
    -144
     -97
    -109
    -130
     -78
     -53
    -110
     -88
     -23
     -73
     -18
      29
     -38
     -17
      28
     -29
     -18
     -18
     -78
     -45
     -51
    -119
    -106
     -79
    -104
     -38
     -50
    -119
     -55
     -24
     -74
     -55
     -24
     -69
     -87
       4
     -32
    -110
      29
      17
     -95
     -20
     -12
     -97
     -41
      -2
     -53
     -58
     -46
     -67
     -67
     -52
     -41
      -8
     -67
     -43
      60
     -28
     -28
      77
     -14
     -46
      71
       4
     -19
      93
      50
      -9
      56
      50
      -8
      15
       8
      19
      23
      -7
     -33
     -20
      40
      20
     -47
     -12
       7
     -61
      -2
       9
     -65
      15
      50
     -52
     -81
     -43
     -28
     -20
     -12
      28
     -14
     -51
     -12
     -79
     -70
      -9
     -17
      -2
     -42
     -76
     -11
     -27
     -54
      19
     -19
     -54
     -12
     -33
    -100
     -50
       0
     -56
     -43
     -46
     -50
     -20
     -15
     -19
      30
      80
      26
      28
     117
      89
      51
     127
      66
       2
      88
      61
     -41
     -52
      12
      -8
    -110
     -72
      -4
     -74
     -62
      16
     -27
     -22
      62
      30
       4
      48
      21
       7
      52
      22
     -11
      61
      18
     -36
      10
     -10
     -23
      37
      51
      27
       5
      -9
      53
     -37
    -100
      18
     -58
     -56
      72
     -73
     -96
      47
     -75
     -36
      84
     -45
      32
     104
       9
      25
      49
      47
      68
      50
      69
      45
      -3
      84
      69
     -20
      19
      46
     -14
     -53
     -59
     -90
    -100
     -50
     -82
    -102
     -28
     -31
     -57
     -31
     -41
     -52
       8
      35
     -31
     -38
      30
     -23
     -57
      13
       5
      -9
      61
      72
      42
      45
      25
      19
      11
     -20
     -25
     -26
     -36
     -53
     -59
     -64
     -72
     -25
       5
      13
      43
      18
      21
      64
       5
      -4
      36
     -10
     -64
     -72
     -42
    -102
    -102
      -2
     -91
    -120
       2
     -67
    -145
       8
      48
     -75
      -6
      58
     -88
     -86
      46
     -21
     -57
      51
      23
     -56
     -27
      19
     -24
     -58
       8
      42
     -30
     -32
      40
     -47
     -53
      52
      -2
     -34
      66
      85
      23
      84
     109
      11
      32
      75
      23
      19
      24
     -22
     -38
     -59
     -90
     -75
     -76
     -46
     -12
     -32
     -27
      -1
      -2
      21
      21
     -14
      21
      35
      -6
     -25
      19
     -14
     -77
      11
     -30
    -122
       8
      14
     -34
      63
      21
     -20
      29
      38
      23
      -7
      38
      74
       4
      11
      48
     -35
     -36
      63
     -22
     -34
     140
      17
     -55
     120
      25
     -55
      99
       8
     -73
      67
      13
     -70
      21
      29
     -52
       3
      34
      -8
      44
      59
       4
      11
      26
     -10
      -6
       1
     -23
     -28
      10
      -9
     -51
      15
     -14
     -24
     101
      21
     -39
     111
      37
     -30
      69
      -8
     -51
      40
      20
     -48
     -29
      -4
     -22
      -7
       7
     -12
      26
       8
     -15
      28
     -33
     -48
      31
     -34
    -109
     -37
     -38
    -103
     -76
     -59
    -110
     -90
     -80
    -133
     -74
     -43
     -40
     -43
     -61
     -31
     -49
     -19
     -29
     -87
      -6
       0
     -98
     -32
     -37
     -97
      16
      -3
     -69
       7
      12
      -2
      89
      64
      19
      77
      44
      47
      48
     -17
      27
      12
     -57
     -29
     -44
     -58
     -28
     -71
     -58
     -17
     -79
     -65
      -1
     -40
     -24
      48
      36
      26
      40
       4
       7
      47
      35
      72
      86
      72
     105
      89
      16
      35
      64
      18
      21
      45
      17
     -39
     -13
     -40
     -68
     -36
     -77
     -56
      27
      23
      13
      35
       6
      22
      41
       7
       2
      -8
     -15
      -8
     -84
     -96
     -32
    -121
    -111
      -5
    -123
    -140
      20
      16
     -19
      11
      13
      13
       6
       1
      -3
     -14
      55
      76
     -27
      -7
      32
       4
      26
      28
     -17
      19
      39
     -64
     -60
     -37
     -76
     -92
     -66
     -63
     -79
     -30
       1
     -41
       2
     120
      10
      10
     121
      35
      44
      94
      18
     -25
      21
      20
     -54
     -70
      36
      16
     -40
      40
     -16
     -57
      17
      -9
     -48
     -23
     -23
       5
     -19
     -39
      -6
     -13
      24
      22
      18
      19
      -2
      54
      47
      -7
      43
       0
     -15
      43
     -17
      38
      90
      12
      75
      61
      -2
      38
      19
      26
       4
     -55
     -20
     -58
     -94
      44
     -35
     -54
     136
      34
     -52
      72
      71
      31
      65
      36
     -26
     -54
     -34
     -37
    -105
     -51
      -7
    -113
     -52
     -13
    -106
       0
      65
     -50
      16
      48
     -83
     -39
      42
      10
     -42
     -27
     -37
     -82
     -26
      44
      17
     -24
      38
      50
     -31
      45
      67
     -50
      63
      71
     -84
      -8
     -49
    -148
      -8
     -20
    -119
     -44
     -33
     -78
     -34
     -51
    -105
     -33
     -10
     -62
     -26
      -8
     -27
     -20
     -37
      15
      36
     -13
      60
      76
      -4
      96
     107
     -69
      58
     136
     -19
      62
     115
      35
      70
      47
      39
      60
      37
     120
      92
      23
     105
      42
     -20
      54
      -1
     -14
      43
     -31
     -32
     -19
    -126
     -48
     -30
    -144
     -69
     -46
    -147
     -89
     -11
     -73
     -90
     -56
     -38
     -73
     -42
     -17
     -35
     -25
      -7
      -1
     -39
     -56
      16
      54
     -58
      -2
      74
     -26
      27
     105
      46
     129
     138
      29
     126
     119
      19
     120
      96
     -32
      95
      92
    -103
     -13
      43
     -88
     -25
      63
     -18
     -20
      41
       9
     -60
      12
      42
     -67
      16
      63
     -49
     -34
      -6
     -33
     -10
     -12
     -20
     -15
       5
      46
      22
     -30
      19
      53
       9
       5
      22
      12
      58
      35
     -10
      24
      -8
     -29
       4
     -23
     -55
      15
      -2
      -8
      89
      66
     -22
      28
      79
      46
      77
      84
       9
      33
      59
     -48
     -29
      -5
     -74
      -3
      13
     -60
       9
      30
      13
      40
      22
      28
      12
      -5
      36
      34
     -12
      27
      31
     -37
       2
      24
     -13
       3
      30
      28
      18
      31
      14
      13
      29
      -6
       3
      36
      15
      60
      48
     -35
      72
      97
       1
      37
      40
      -9
      20
     -17
     -26
       2
     -37
      25
      -6
    -103
     -37
      -3
     -34
      -1
      32
      32
       6
      -7
       9
     -11
      13
      44
     -27
     -31
      11
     -27
     -66
       0
     -20
     -60
      50
     -28
     -76
      39
       4
       0
      58
     -20
       1
      51
     -22
      -3
       9
     -16
      25
      19
     -19
     -40
      -4
      35
     -17
      -9
     -15
     -39
      68
      20
     -59
      50
      -3
     -24
      76
     -58
     -65
      87
       5
     -13
      12
     -90
     -65
       0
     -71
     -37
       3
     -47
      25
      11
     -10
      80
      32
      36
     127
      59
      80
     136
      55
      89
     109
      31
      30
      55
      28
      22
      31
      -4
     -27
     -51
     -51
     -45
     -68
     -53
     -85
    -105
     -20
     -52
     -92
      -2
     -18
     -52
       4
       1
     -45
     -34
      -9
     -56
    -101
     -73
     -35
     -43
     -74
     -39
     -23
    -109
     -76
     -13
     -72
     -95
     -21
      -7
     -92
     -55
      -7
     -67
      -6
      74
       5
       5
      39
     -17
      26
      25
     -67
       6
      30
     -91
     -79
     -10
     -92
     -85
      24
       3
     -26
      69
      58
     -24
      65
      69
       9
      82
      99
      68
     138
      90
      58
     133
      62
      62
     113
      53
      71
      95
       1
       6
      17
     -40
     -45
     -47
     -60
     -79
     -40
     -40
    -102
     -58
     -19
     -55
     -45
     -28
     -60
     -50
     -38
     -57
     -51
     -40
     -40
    -124
    -118
     -45
    -119
     -70
      -6
     -91
     -32
      -5
     -96
     -28
      -4
     -57
      -1
     -45
     -41
      13
     -26
     -10
      -6
      -5
     -16
     -38
     -14
       9
      20
      58
      53
      -9
      50
     103
      70
     113
     197
     131
     103
     222
     156
     125
     210
     203
     138
     129
     146
      65
      26
     102
      84
       8
      71
      23
     -70
       0
      11
     -20
       9
      17
      21
      22
      32
      36
      31
     122
     135
      80
      91
      33
      47
     122
      35
      44
      79
      -3
       2
     -51
    -131
     -64
     -22
     -97
     -68
      -2
     -86
     -90
      17
     -51
     -39
      59
     -14
      10
      44
     -15
      33
       9
     -44
      22
     -24
     -39
      12
     -24
     -52
     -38
     -39
     -62
     -76
     -48
     -47
     -37
     -13
    -111
     -92
     -27
     -67
     -38
     -14
     -61
     -43
     -42
     -89
     -39
     -36
     -36
      35
      18
     -55
       0
      21
     -18
      92
      83
     -44
      45
     108
      -9
      15
      76
       5
      25
     120
      48
     -33
      44
      35
     -52
     -27
     -67
    -134
     -63
     -49
    -104
    -119
    -138
    -118
    -109
    -107
     -49
     -51
     -27
      16
     -29
     -66
     -37
     -58
     -16
      24
     -46
     -45
     -43
    -104
    -140
     -65
     -55
    -100
     -29
       1
     -98
     -62
       0
     -79
     -35
      57
      31
       2
      59
      91
      57
      78
      74
      -9
      45
     121
      38
      29
      56
      16
       0
     -35
     -66
     -44
     -27
       6
     -10
     -58
     -12
      12
     -20
     -18
     -11
      -4
      26
      12
      19
      44
     -14
     -50
     -18
     -62
     -85
     -26
     -75
    -120
     -46
     -68
    -143
     -67
       2
     -69
     -55
      33
      -4
     -18
      65
      77
      15
      63
      72
     -60
      20
      94
     -47
      24
      53
     -60
      75
      75
     -79
      33
      47
     -46
      10
      45
      25
      14
      55
       6
     -49
       4
      29
      27
      31
      75
      69
      -2
      28
      69
      -1
      33
      51
     -24
      26
      25
     -47
     -22
      57
     -16
     -40
      51
     -28
     -53
      71
      -3
     -75
      59
      23
     -67
      33
      15
     -73
      28
      55
      -8
      39
      43
      -5
      11
      -9
     -37
     -22
     -16
     -27
     -20
     -41
     -52
     -15
     -73
     -87
      14
     -36
     -76
      28
      -8
     -74
      -5
     -25
     -97
     -10
      -1
    -138
     -26
      58
    -116
     -23
      46
    -108
      15
      49
    -135
     -19
      47
     -62
     -33
     -19
     -46
     -62
     -50
     -31
     -69
     -46
      36
     -26
     -16
      67
      19
       6
      46
      39
      18
       9
      13
       1
     -66
     -14
     -16
    -113
     -93
     -40
     -33
     -55
     -22
      25
     -26
      12
      76
     -43
     -26
      66
     -10
       0
      31
     -63
     -22
      11
    -103
     -58
      44
     -71
     -41
      88
     -19
     -34
      59
      10
     -23
      32
      49
      15
      15
      34
      33
     -13
     -27
      33
     -20
     -63
      23
     -15
     -61
      -2
     -87
     -72
      -9
    -109
     -64
     -24
    -115
     -51
       5
     -69
     -10
      57
       6
      31
      59
       9
      30
      65
      13
       5
      14
     -43
     -44
     -51
     -86
     -34
     -41
     -71
      13
     -33
     -86
      12
     -42
     -85
      23
     -39
    -150
     -44
     -21
    -146
     -74
     -11
    -110
     -41
      50
     -53
     -57
      94
      69
     -28
      85
     107
     -29
      71
      86
     -61
      46
      54
     -84
     -12
       0
     -98
     -53
     -21
     -60
     -38
      39
      46
     -14
      20
      51
     -11
      44
      90
      31
      30
      63
      23
     -36
     -22
      -1
     -14
       0
      55
      -2
     -34
      47
      -9
     -37
      77
      34
      10
     107
      29
      20
      92
      17
      51
      50
      -1
      34
     -12
     -19
      49
     -21
     -45
      48
     -29
     -52
       1
      -8
       9
      14
     -31
     -31
     -50
     -86
     -37
     -96
    -166
     -87
     -58
    -149
    -118
     -12
     -59
     -77
      19
     -11
     -69
      32
      60
      -6
      53
      71
      -9
     -10
     -18
     -68
     -17
     -40
     -62
     -21
     -94
     -71
       4
     -59
     -93
      -8
      -1
       2
      44
      45
      22
     109
     128
      14
      54
      64
      46
      76
      27
     -40
      12
      32
      -7
      13
      25
      15
      37
      60
      21
      34
      49
      57
      19
     -45
     -22
     -20
      -9
     -11
     -52
      -1
      38
     -25
       2
       5
      -4
      62
      22
     -11
      27
      35
      10
      19
      11
     -10
      22
      44
      34
      37
      75
      23
      -4
      46
     -28
     -85
     -15
     -41
    -118
     -76
     -77
    -116
    -108
     -45
     -72
    -127
      -6
       0
     -53
      62
      42
     -11
      85
       9
     -33
      74
     -20
     -71
      72
     -26
    -128
      -4
     -10
     -61
     -34
     -14
     -24
     -80
     -36
      50
     -82
     -62
      57
     -58
     -19
      74
     -57
     -23
      95
     -13
     -27
      37
      -2
      17
      39
      22
      39
      -3
       5
      74
       1
     -12
     119
      53
     -45
      75
      85
     -51
      18
      95
     -28
      -6
      89
      21
      16
     100
      84
      15
      25
      68
      21
       5
      58
      16
     -32
      14
     -21
     -63
      31
      50
     -42
       2
      23
     -72
      13
       9
     -99
      -7
       9
     -73
     -56
     -76
     -79
     -68
     -94
     -58
     -82
     -90
     -18
     -39
     -59
     -25
     -47
     -35
     -20
      -8
      -4
     -74
     -33
      12
     -66
     -11
      21
     -80
     -16
      16
     -75
       6
      44
      -5
      34
      62
      63
      32
      29
      79
      44
      36
      89
     -11
     -37
      63
      11
     -14
      20
     -69
     -88
     -31
     -50
     -30
       8
      63
      82
      -4
      25
      52
     -42
      59
     140
     -24
      22
     106
     -64
     -71
      19
     -48
     -19
      39
     -22
     -34
     -15
     -37
     -55
     -50
     -49
     -65
     -70
     -79
     -84
     -86
     -72
      -6
     -30
     -62
      16
      -4
     -13
      59
      66
       0
      -8
      63
      -8
     -86
       1
     -28
     -96
      17
     -16
    -128
     -30
      17
     -83
     -27
      28
     -45
      50
      81
      -8
      57
      73
      37
      77
      34
      45
      84
       1
       9
       0
     -23
      21
     -53
     -96
     -57
    -108
    -127
     -44
     -65
     -96
      22
      19
    -111
     -28
      25
    -127
     -16
      91
     -22
      11
      52
     -18
     -15
      34
      38
      45
      62
     108
      83
      44
      82
      38
     -40
       1
      -1
     -73
     -40
     -47
     -82
     -17
     -37
     -73
     -19
     -15
      33
      97
      37
       1
      57
      38
     -11
       8
     -35
     -47
      21
     -28
     -90
     -51
     -48
     -53
      -3
     -16
     -46
     -30
      -6
     -27
     -23
      34
      -9
      -2
      51
      21
       6
      24
     -13
     -30
       9
     -44
     -55
     -50
     -68
      -6
    -100
    -159
     -12
     -78
    -120
      99
      34
     -74
      86
      69
     -24
      48
     101
      77
      70
      52
      79
      53
     -39
      41
      45
     -73
      12
      59
     -49
      -7
      54
     -29
     -35
      20
     -14
      12
      98
      55
      21
      71
      21
       1
      81
      61
       4
      65
      81
       4
     -10
     -29
     -28
      26
      25
     -10
       7
      31
      24
      49
      57
      29
      82
     138
      50
      49
      90
      25
      47
      40
     -16
      35
      40
      -6
      21
     -23
     -36
      27
     -17
     -42
       9
     -18
     -33
      -5
     -80
     -80
      -6
     -70
     -43
      20
     -75
     -31
      36
      -8
      72
      89
      -4
      79
      49
     -24
      99
      43
     -21
      91
      16
     -54
      55
      16
      18
      81
      43
      92
      72
      25
      82
      60
      35
      80
      21
     -18
      36
      10
     -13
      33
      26
     -48
      25
      46
     -42
      23
      49
     -42
      -4
      10
     -62
     -38
     -41
     -73
      -2
      49
     -64
     -74
       6
     -76
    -112
      -4
     -44
     -95
      16
     -20
    -127
    -104
     -63
     -43
     -67
     -56
      13
      13
     -16
      34
      31
     -24
       8
      30
     -15
     -39
      12
       3
     -44
     -63
     -55
     -39
     -14
      42
      52
      36
      74
      96
      46
      93
     160
     120
     137
     140
      31
      53
      84
      -1
      35
      42
     -59
     -58
       0
     -70
     -75
      40
       1
      -1
     111
      18
      -7
      91
      19
      37
      71
       7
      45
      19
     -30
      24
     -10
      -8
       8
     -39
      46
      64
     -16
      72
      62
     -22
      53
      -1
     -56
      57
      69
      59
      53
      56
      80
      37
      59
      78
      44
     113
     124
      44
      79
      85
      73
      50
      35
      74
      58
      47
      42
       9
     -12
      -2
      12
      12
      -7
      24
      55
       7
      -2
      17
      20
      -2
      16
      51
     -31
     -25
      91
      38
     -25
      55
     -18
     -31
      92
      -3
       5
      88
     -17
     -27
      -9
     -27
      43
       6
      34
      80
     -32
      42
      64
     -48
      46
     105
      26
      14
      12
     -35
     -48
     -46
     -62
     -49
     -54
    -100
     -61
     -78
    -117
     -66
     -83
     -77
     -51
     -48
     -62
     -73
     -32
     -20
     -55
     -18
      -7
     -84
     -45
      32
     -15
      -4
      67
     -48
     -46
      96
     -28
     -46
      97
      22
      43
      89
      -9
       6
      56
      40
      68
      84
      61
      90
      41
      31
      77
      20
      42
      98
       0
      25
      88
     -15
      24
      90
      43
       2
       5
      40
     -15
     -14
      86
     -42
    -124
      15
     -45
    -153
     -59
     -41
    -100
     -38
      25
     -45
     -22
      93
      -7
     -36
      52
       5
      -7
      66
      35
     -27
     -13
     -23
     -30
       4
      59
      54
      67
      98
      52
      30
      48
      63
      59
      46
      52
      56
      71
      40
      27
      59
      43
      53
      81
      50
      53
      72
      33
      37
      -8
     -18
      48
     -21
      23
     116
     -53
     -36
      79
     -46
     -22
      46
     -89
     -34
       8
    -113
     -52
     -60
     -87
     -12
     -19
       9
      29
     -17
      36
      42
     -14
      30
       3
      -5
      46
      18
      -3
     -77
     -51
      28
     -39
     -25
       5
     -69
     -11
      42
     -78
     -22
      59
     -32
      17
      31
     -70
      22
      64
     -48
      16
       5
     -89
     -16
     -56
     -95
     -68
     -74
     -59
    -124
     -95
     -32
    -132
     -77
       4
    -115
    -109
     -60
     -97
     -46
     -29
     -54
      -3
     -28
     -63
     -24
     -37
     -27
      58
      59
      18
       9
      55
     108
      32
      51
     148
      60
      17
      85
      54
      32
      85
      83
      22
      35
      28
      -1
      33
      17
      64
     130
      14
       2
     114
     -10
     -40
      82
       6
       0
     120
      49
       5
      96
      34
      13
     104
      55
      52
     125
      43
      -1
      86
      27
     -49
      57
      41
     -35
      33
      37
     -29
      13
      32
     -17
     -25
       4
      23
     -13
      -9
      19
     -34
     -33
      16
     -18
     -10
       3
     -13
     -16
     -46
     -44
     -35
     -38
      -7
     -42
    -102
     -66
     -51
     -20
     -24
     -60
      42
      40
     -83
      -6
      41
     -36
      94
     131
     -24
      71
     128
     -26
      28
      80
      -5
      56
      25
     -52
      19
      -8
     -23
      10
     -54
     -27
     -15
     -63
       6
      -1
       1
      88
      18
     -64
       8
     -25
     -62
      57
      46
     -22
      39
      30
     -40
      -4
      23
      49
      90
      60
      29
      22
       6
     -27
      -8
      52
      50
      20
      55
      62
      19
      89
     108
      53
     139
     165
     111
     114
      80
      93
      98
      26
      66
      94
      30
      62
      89
     -16
       4
      82
     -28
     -12
      66
     -52
     -39
       7
     -83
       6
       8
     -94
      -5
     -23
     -53
     -12
     -46
     -27
     -34
     -50
      69
      42
     -34
     135
     112
     -11
     117
      91
       3
     143
     141
      68
      94
      61
      52
      40
       5
      81
      60
      15
      88
      25
      -2
      63
      -4
     -56
      29
      49
      12
      -6
      -9
      -4
      -5
      27
     -34
     -51
      42
      -1
     -47
       5
      -9
     -24
      -7
     -27
     -14
     -17
     -21
     -30
     -28
      -1
     -27
     -35
     -42
     -29
      52
      51
      -4
      55
      53
      40
      68
       2
      10
      63
      26
      -4
     -35
     -77
     -56
     -63
     -84
     -58
     -51
     -60
     -40
     -56
     -59
     -33
     -18
      -6
     -13
     -12
      34
      50
     -41
      22
      89
     -16
      26
     100
     -31
      -9
      60
     -32
      12
      34
     -10
      43
      60
      20
      72
     101
      76
     141
     159
      65
     113
     177
      89
     104
     163
      63
      25
     135
      29
     -56
     145
      94
     -49
     128
      98
     -47
      92
      85
      -2
      85
      91
      75
     135
     102
      80
     105
      75
      58
      46
      52
     -15
     -33
      38
     -74
     -80
     -25
    -110
     -54
     -75
    -150
     -25
     -60
     -89
      -8
     -76
     -57
     -30
     -55
     -29
     -59
     -30
      35
     -57
     -42
      61
      -9
      19
     102
      24
      81
     101
       5
      93
      71
      43
     130
      40
      53
      97
     -62
     -15
       8
     -60
      26
       2
     -72
      -7
     -40
    -105
     -31
     -77
    -108
     -13
     -31
     -84
     -29
     -41
     -43
      -9
     -43
     -21
      -3
      35
      89
      35
      33
      81
      61
      69
      66
      12
      94
      80
     -46
      26
     -13
    -117
       7
     -44
    -208
     -41
      -6
    -169
     -66
      25
    -106
     -60
      78
     -41
     -53
      72
      31
      -9
       8
      31
      24
       7
      48
      54
      -6
      -5
      31
      41
      -6
     -13
      33
     -37
      13
       9
     -84
      -7
      -1
     -57
     -35
     -76
     -90
     -14
     -41
     -65
     -41
     -39
     -27
      30
       0
     -36
      51
      -2
     -66
      -2
     -41
     -79
     -17
     -28
     -49
     -42
     -83
     -40
      -9
     -26
      50
      51
      -4
      56
      34
     -48
      42
      65
      -5
      36
      10
     -33
      31
      30
     -22
      31
      28
      -3
      12
     -53
      -1
      43
     -64
      -2
      55
     -49
       3
      59
     -28
      29
     121
       4
     -28
      76
      20
     -37
      35
       1
     -17
      69
      45
      -7
       7
      -6
     -15
       9
       0
     -30
     -23
     -27
     -39
     -48
     -45
     -34
     -75
     -24
      -1
     -74
     -20
      32
     -61
     -48
      13
     -37
     -42
      13
      18
       3
      46
      31
      25
      25
      -6
      11
      -4
     -55
     -20
     -27
     -71
     -34
     -81
     -70
     -15
     -25
       7
       3
     -33
      33
      41
     -27
      24
      43
      62
      62
       9
      20
      26
     101
     134
      18
      29
     103
       4
      -5
      19
     -90
     -18
       4
    -117
     -61
     -30
     -93
     -29
     -26
    -114
     -38
      10
     -23
      12
      61
      28
     -14
      27
      39
      18
      33
      55
      16
       7
      31
     -42
     -26
      44
      -3
      19
      67
      18
      36
      74
      37
      16
      36
      43
      -9
     -44
     -44
     -37
     -68
    -111
     -81
    -101
    -110
     -39
     -81
     -98
     -53
     -28
     -21
    -109
     -64
       0
     -85
      -6
      25
    -129
     -23
      31
     -75
      26
      59
      20
      86
      94
      55
     105
     118
     115
     161
     145
      89
      98
      94
      -5
       4
      40
     -57
    -105
     -38
     -89
    -137
     -19
     -33
     -99
      29
      78
     -20
      35
      75
      22
      65
      75
     -38
     -66
      -3
     -80
    -122
     -69
    -123
    -129
     -32
     -86
    -139
     -35
     -11
     -20
      43
      62
      30
      64
      76
      28
      59
      79
      15
      28
      78
       3
     -23
       7
     -78
     -61
       5
     -73
     -26
      51
     -25
      46
     106
     -14
      53
     120
      29
      65
      85
      19
      36
      49
      12
      33
       9
      25
      73
      27
      50
      77
      68
     101
      62
      29
     132
      97
      24
     110
     100
      45
      93
      73
       9
      51
      67
      63
      73
      48
      64
      51
      15
      66
      55
      44
     130
     107
      80
      90
      23
      21
      64
      -7
     -28
      50
      29
     -10
      20
      28
       1
      62
      65
     -37
      10
      89
     -14
     -39
      83
       9
     -44
      35
     -35
    -106
      20
      -4
    -128
       7
      16
     -84
       5
     -14
    -107
     -21
     -68
    -123
     -14
      13
      14
      11
      10
      15
      14
      27
       1
      28
     108
      60
      17
      10
     -20
      12
     -15
     -74
     -39
     -52
     -72
     -55
     -86
    -111
     -64
     -25
     -79
     -37
      50
     -44
     -32
      62
     -11
       7
      63
       7
      68
      63
     -15
      48
      -8
      -5
      52
     -57
     -21
      59
     -60
     -56
     -13
    -147
    -112
     -53
    -145
    -150
     -84
     -83
    -113
     -55
     -57
     -81
     -17
     -16
     -44
       1
      17
       9
      17
      -9
      29
      22
     -21
      18
       5
      34
      96
      51
      63
      80
      25
      77
      66
       0
     102
      80
     -36
      30
      36
     -69
     -44
      13
     -73
     -96
      -1
     -89
    -103
      31
     -35
     -78
     -16
     -57
     -73
     -31
     -28
      -4
      19
       7
     -53
     -65
     -50
     -94
     -50
      -1
     -73
     -22
     -12
    -162
     -89
     -25
    -131
     -63
     -24
    -104
     -24
     -29
     -66
       3
     -22
     -18
      24
     -48
     -60
      42
      30
     -23
      -3
      -1
     -58
     -41
      17
     -66
     -95
      31
       4
    -109
     -27
      31
     -79
     -43
     -13
     -99
     -46
      -4
     -70
     -31
      -2
     -70
     -29
     -29
     -62
      41
      38
     -55
      31
      27
     -65
     -26
      -6
     -22
     -32
     -35
     -41
     -54
     -27
     -38
     -13
      47
      11
      67
      62
     -46
      70
      98
     -59
      17
      67
     -31
      -9
      31
     -37
     -37
      44
     -13
     -72
       0
      11
     -40
      13
     -46
     -97
       7
     -78
    -153
      -3
     -25
     -78
      41
     -20
     -67
      36
      20
       1
      37
      42
      45
      13
     -11
      29
       3
     -24
      27
       7
     -14
     -30
     -56
     -47
     -22
     -31
     -19
      -6
     -52
     -26
     -35
     -72
     -17
      -2
       3
      40
     -26
      -7
      48
     -26
      49
     103
      -2
      47
      95
      18
      39
      42
      37
      77
      11
     -39
      21
     -19
     -25
      49
     -28
     -12
      46
     -48
     -43
      26
      -3
      58
      60
     -26
      51
      49
      -4
      25
      52
      79
      37
      16
      38
      -1
     -30
      23
     -15
     -69
       0
     -28
    -120
     -27
      21
     -93
     -36
     -15
     -92
       9
      50
     -50
     -17
      48
     -51
    -106
     -13
     -49
    -106
       3
     -27
    -129
     -83
       2
     -31
     -54
      55
      43
     -46
      36
      59
      -2
      97
      96
      34
      88
      86
      41
      59
      49
      16
      76
     110
      24
      23
      75
     -15
     -15
      31
     -16
     -10
      37
      33
      -2
     -57
     -54
     -22
     -66
     -41
     -26
     -76
     -86
     -45
     -29
     -71
     -81
     -42
     -64
     -82
     -26
     -15
     -47
     -34
      20
     -39
     -71
      -9
     -18
      -6
      30
      -6
      28
      39
     -70
     -23
      24
     -45
      36
      61
       9
      91
     108
      49
      39
      35
      95
     149
      93
     126
     120
      63
      51
      14
      48
      46
      15
      75
      45
     -46
      16
       9
     -51
      19
      31
       7
      16
      27
      44
      40
      25
      20
      50
      -4
     -54
       4
      14
     -20
      14
      11
      -8
       7
      12
      48
      26
      55
      87
      76
      87
      49
      35
      75
      46
      18
      89
      37
     -24
      58
      51
     -14
      54
      52
     -29
      17
      10
     -56
     -31
      10
     -22
      -3
      19
     -87
    -107
     -36
     -48
     -39
     -19
     -23
     -28
     -64
     -13
     -22
     -88
     -16
      -7
     -69
     -11
      -6
     -35
      28
      39
      48
      38
      40
      66
      16
      29
      64
      22
      -3
       7
      -7
     -26
     -38
     -38
     -44
     -12
      50
      31
      29
      15
      24
      46
     -14
      42
     110
      32
      46
      76
      14
      14
     -10
      -4
      51
      45
      55
      18
     -25
      -1
      -2
      -9
     -26
     -29
      27
     -41
     -79
       0
     -72
     -59
      27
     -60
     -46
      29
     -39
      -1
      47
     -19
      43
      66
       7
      62
      60
      24
      41
      -1
     -22
      44
       2
     -58
     -16
     -98
    -127
     -63
    -124
    -111
      -7
     -53
     -79
     -17
     -15
      54
      83
      87
     110
      75
     119
     155
      89
      98
     129
      29
      36
      68
     -10
      -2
      26
      41
      14
     -35
      -5
     -12
     -38
      15
       7
     -41
      14
      -3
     -20
      55
      19
     -46
      22
      56
       4
      44
      41
     -19
     -31
     -26
      15
     -19
     -62
      18
      11
     -57
      22
      55
     -57
     -12
      55
     -18
     -18
      17
       5
     -10
     -12
       1
      -2
     -38
      10
      35
     -12
      38
      37
     -19
      40
      75
       5
       9
      56
      21
      65
      70
      32
      54
       9
       3
      46
     -18
       5
      76
       4
      20
      38
     -48
       1
      34
     -61
     -42
     -54
    -108
     -10
      -8
    -107
     -15
      21
     -82
       0
      48
     -43
       5
      67
     -14
      -8
      62
     -22
     -57
      22
      -3
     -40
      12
      10
      12
      32
     -18
      -7
       7
       2
      42
     -11
       3
      59
     -34
     -58
      17
     -52
     -49
      44
     -51
     -43
      64
      -3
     -64
       7
     -27
     -56
      24
       0
      -7
      19
     -14
      -5
     -12
     -50
       9
      25
      -9
      57
      46
     -26
      25
      52
     -18
     -41
      53
      31
     -44
      38
      36
     -41
      37
      62
     -59
      -5
      73
      -8
     -34
      27
     -31
     -48
      44
     -56
     -91
      21
     -66
     -84
      14
    -103
     -78
      29
     -57
     -41
     -44
     -75
       9
     -52
     -51
      50
     -60
     -49
      61
     -30
     -54
      46
      63
      56
     104
     123
      61
      55
     122
     133
      73
      71
     122
      83
      47
      22
     -21
       5
      64
      74
      43
      16
      36
      -4
      -1
      98
      23
      54
     171
      32
      11
      98
     -27
      26
     125
      20
      59
      71
     -26
       6
       9
       4
      33
       3
      -9
     -44
     -39
      -5
     -38
     -23
      41
      34
      -7
      -3
      30
     -31
       2
      93
     -16
     -10
      56
     -49
     -39
     -14
    -113
     -66
     -11
     -66
     -31
       1
      -3
      57
      46
      12
      32
      85
     140
      80
      50
     123
      95
      91
     127
      26
      52
     142
      47
       7
      75
      40
      23
      70
      -8
     -52
     -12
     -18
     -16
     -19
       3
      64
       2
     -24
      68
       8
       7
      97
      22
      -1
      59
     -23
     -64
       3
      -7
     -32
      13
     -13
     -47
      -9
     -57
     -37
       2
     -68
     -15
      15
     -85
     -36
      -1
     -55
     -83
     -94
     -54
    -117
    -114
      16
     -66
    -128
     -21
     -97
    -179
     -79
     -45
     -68
     -29
      -5
     -32
     -85
     -70
      14
      19
      14
      75
      70
      23
      60
      93
      45
      87
     176
      98
      54
      88
      28
     -10
      27
      25
      -6
     -28
     -44
     -76
     -64
     -16
     -45
     -55
      17
      57
      -7
      -8
      40
       0
      57
      90
     -41
       3
      85
     -30
      16
      77
     -48
      13
      86
     -18
      37
     102
      17
      43
      80
      -1
      49
      78
      15
      61
      60
     -20
      -5
      33
     -45
     -43
      30
      42
      -7
      -4
       4
     -24
      19
      23
       0
      37
      52
      72
      60
     -14
      67
      91
      10
      87
      82
      -1
      59
      40
     -27
      24
      -5
     -54
       9
       1
     -16
      54
      59
       1
      47
      86
      -1
      39
      93
     -10
      23
      46
     -52
      -6
     -21
     -64
      37
      17
      -3
      41
      -7
      -5
      -4
     -21
     -25
     -74
     -24
       8
     -93
    -117
     -79
     -88
     -70
     -24
     -26
     -17
      24
      34
     -17
     -15
      65
      35
      25
      74
     -29
     -43
      41
     -84
     -59
      35
     -83
     -41
      10
    -121
    -111
     -16
     -91
    -102
     -31
     -84
    -103
     -67
     -77
     -33
     -47
     -26
      53
     -79
       1
     115
     -56
      14
     113
     -18
      23
      45
     -61
      13
      65
       3
      48
      56
     -58
      12
      72
     -37
     -37
       9
     -44
     -82
     -82
     -97
    -123
     -97
     -47
     -78
     -87
     -31
     -21
     -18
      35
      53
      80
      79
      48
      68
      41
      27
      38
     -66
     -31
      37
     -99
     -93
     -31
     -96
     -91
     -39
     -46
     -15
      42
      66
      31
      14
      44
      15
      11
      24
      13
      16
       5
     -61
     -45
     -50
     -98
      15
      23
     -42
       7
      20
     -24
      24
      23
     -15
      41
      11
     -23
     -21
     -82
     -70
     -27
    -100
     -90
     -16
     -43
     -73
     -51
       0
     -23
      26
     105
      29
      70
     120
      68
      83
      72
      54
      94
      97
      83
      41
      20
      34
      34
      66
      34
       2
      41
      26
     -28
     -33
     -14
     -20
     -64
     -68
     -46
     -54
     -53
     -42
       1
     -26
     -69
       7
      -7
     -76
      25
      55
     -42
     -15
     -32
     -55
     -57
     -43
      53
     -23
     -84
      55
      28
     -52
      88
      30
     -23
     105
      -8
     -75
      45
     -27
     -61
      69
     -39
     -96
      24
     -60
    -102
      22
      18
     -42
      -1
      11
     -29
     -20
       6
      -8
     -47
     -33
      -5
     -62
     -71
      10
     -17
     -53
      23
      23
     -44
      10
      57
      -4
      12
      63
      -8
     -32
      48
      -1
     -58
     -11
       9
     -44
     -22
       3
     -56
      -3
      -8
     -33
      14
     -37
     -40
      37
     -54
     -36
      53
     -31
      -3
      48
      -5
      -6
      57
      80
      55
       9
      50
      26
     -30
      65
      33
     -36
      51
      34
     -49
     -19
     -10
     -14
       7
      46
      34
      -1
      29
      12
      -6
     -25
     -29
      22
     -26
     -48
      13
     -68
     -59
      -5
     -77
     -56
      -6
     -45
     -64
      31
      31
     -57
      19
      54
     -65
     -13
      22
     -69
     -13
      21
     -40
     -73
     -53
     -33
     -80
     -55
       3
      -6
      12
      64
      54
      13
      40
      21
      -7
      65
      95
     -40
     -34
      32
     -95
     -81
      -2
     -20
      19
      63
      29
       6
      -9
      46
      99
      26
      64
      97
      -2
       3
      15
     -49
     -24
      37
      -5
     -44
      -7
     -13
     -51
     -82
     -52
     -28
     -57
       7
       5
     -88
     -13
      32
     -75
      -5
      76
      36
      80
      62
      10
      34
      42
      78
      76
      20
      39
      81
      27
      -1
      45
      24
     -25
      35
      36
     -95
      24
      81
     -97
     -12
      63
     -53
      15
      35
     -12
      83
      55
      11
      28
      -9
      40
      70
      -5
      -7
      50
      31
     -21
     -34
     -66
     -25
       5
     -42
      23
      24
     -36
      39
      19
     -14
      83
      96
      50
      58
      80
      32
      19
      86
      72
      30
      74
      22
     -16
      97
      97
       9
      78
      83
     -35
      63
       7
    -121
      85
      51
    -112
      33
      21
     -63
      67
      68
       9
      54
      29
      23
      26
       0
      68
      64
     -39
       1
      50
     -61
     -86
     -27
     -20
     -28
     -32
     -36
    -100
    -140
     -85
     -69
     -85
     -25
     -11
     -44
     -50
     -48
     -17
     -26
     -40
     -10
     -14
     -53
     -47
     -43
     -59
     -61
     -59
     -77
     -62
     -61
     -78
      -4
     -18
     -77
     -19
     -36
     -70
      27
       1
     -70
     -14
     -13
     -76
     -46
     -18
     -78
     -70
     -33
     -87
     -91
     -19
       3
     -39
     -55
      33
      52
     -52
      -6
      53
     -65
     -17
      31
     -96
     -29
      39
     -55
     -27
     -39
     -82
      11
       3
     -19
      30
      10
       3
     -24
      -8
      56
       0
     -10
      70
      28
     -28
      21
      12
     -29
      -3
      56
       1
     -59
      56
      43
     -85
      33
      68
     -57
      48
     101
      23
      31
      33
      -4
     -40
     -28
       5
     -25
     -31
     -10
     -37
     -31
     -39
     -70
     -18
       7
     -32
      25
      32
     -67
      43
      40
    -125
     -17
     -17
     -99
      37
       7
     -94
     -25
     -22
    -100
     -85
     -21
     -43
       7
       9
     -59
      14
      -1
     -41
      66
       6
     -73
      12
     -46
     -64
     -36
     -52
     -28
     -79
     -62
      27
     -27
     -26
      76
      31
      -3
      63
      36
      -9
      35
      52
      -4
     -35
      11
     -11
     -19
      39
      36
      41
      79
      78
      45
      60
      41
      39
      34
     -19
      62
      47
     -11
      59
     -42
     -72
      66
     -57
     -59
      61
     -55
     -28
      24
     -65
     -54
       8
       1
      15
      77
      86
      66
      85
      77
      51
      38
      48
      83
      42
      40
      39
     -29
     -39
     -43
     -42
     -16
      17
      27
      -2
       9
      28
       5
      33
       9
      40
     123
      43
      85
     186
     105
      97
     107
      59
     106
     105
      67
      54
     -16
     -12
      18
    -136
    -124
      36
     -90
    -127
       9
     -96
     -80
      96
      32
      -2
      85
     108
      49
      46
     143
      91
      36
     125
      66
       2
      81
      53
     -14
     -15
       7
      16
     -29
     -32
      16
     -21
     -38
      29
     -56
     -97
      14
     -24
     -64
     -23
     -88
     -33
      50
     -47
     -52
     -20
     -62
     -13
      10
     -49
      25
      54
      -9
      27
      22
     -12
      56
      71
      31
      64
      80
      52
      49
      78
      90
      67
      79
     106
     126
     166
     149
     140
     170
     130
      96
     115
      61
      29
      72
      15
     -10
      26
      24
     -26
       2
      36
     -28
      12
      64
      16
      20
      60
      -9
     -65
     -41
      -1
     -38
     -79
      18
       7
    -106
     -22
      11
    -122
     -88
     -21
     -90
     -77
     -25
     -54
     -36
      14
      -8
     -26
      35
      32
      25
      75
      15
      29
      98
      44
       0
       7
      27
      36
       7
      65
     119
      65
      91
     114
      69
      94
     100
      69
      93
      66
      19
      34
      44
      49
      44
       7
      27
      34
      10
      48
      42
      47
      76
      34
      29
      71
      88
      27
       9
      34
      -2
       0
      27
       6
      12
      29
     -40
     -50
     -37
      -8
      -9
     -48
      -7
      16
      14
      12
      19
      53
      50
     -19
      31
      59
       7
      82
      97
     -11
      -8
      32
     -20
     -64
      21
      58
     -61
      -5
       7
     -93
      -9
     -18
     -66
       4
      -9
       1
     -30
     -85
      10
     -21
     -45
      68
      36
      13
     103
      73
      31
      89
      81
      62
     105
      69
       7
      65
      32
     -21
      39
     -11
     -45
      28
     -19
     -57
      11
      20
     -21
     -27
      13
      22
      22
      74
      25
       2
     101
      26
      11
      77
      21
      51
      48
     -28
      17
     -22
     -70
      21
     -17
     -13
      28
     -21
      15
      15
     -44
       1
      21
       5
      44
      23
      30
      15
       8
      -4
     -52
      16
      23
     -40
     -20
     -68
     -62
      38
     -67
     -62
      51
     -30
       5
      51
     -61
      -1
      84
      40
      22
      37
       5
      11
      64
      15
       3
      58
      54
      60
      14
      -7
      77
       5
     -19
      14
    -111
     -44
       2
    -151
     -82
       7
     -70
     -26
      -5
     -83
     -32
      60
       1
     -14
      56
       8
     -15
      11
     -35
     -52
      40
     -19
     -66
      36
     -18
     -61
      80
      85
      43
     118
      69
      37
      74
      69
      73
      57
      70
     108
      34
       3
      89
      30
     -10
      74
      10
     -21
      71
      -9
     -60
      37
     -44
    -113
     -77
    -136
    -126
     -90
    -140
    -112
     -68
    -118
    -154
    -141
    -105
     -67
     -42
     -35
     -12
      54
      51
       0
      64
     101
      64
     144
     149
      59
     127
     128
      20
      90
      74
     -31
      73
      54
     -16
     120
      52
     -71
      48
      40
     -63
      16
      39
     -52
     -27
       4
     -78
     -84
     -32
     -62
      -9
       5
     -60
      13
       7
     -26
      20
      25
      66
      27
      17
     102
      25
      -9
      86
       3
      10
     144
      56
      50
      81
       2
      24
      62
       0
       8
      49
      -4
      15
      17
     -11
      -2
      27
      32
     -17
      -7
      38
     -18
     -58
      20
       1
     -71
      -1
       0
     -77
      -4
      67
     -31
     -31
     127
      86
      27
      38
       0
      24
      29
       3
       6
      13
      25
      -2
     -54
     -13
     -49
     -43
      28
     -69
     -86
     -32
     -77
     -86
     -49
     -71
     -71
     -21
     -25
     -59
      24
      52
     -29
      59
     116
      -3
      15
      81
      47
      48
     101
     104
      70
      68
      76
      50
      -3
       1
      59
      57
       3
      70
      72
       4
      45
      53
      36
      93
     102
      70
     131
     148
     118
     124
     101
      61
     109
     123
     116
     108
      91
     136
     104
      61
      41
      49
      64
      67
      50
      13
       6
       7
      29
      18
     -65
     -55
       7
     -80
     -83
      11
     -32
     -15
      64
     -23
     -94
      20
      27
     -28
      87
      57
     -14
      39
     -38
     -71
     -31
     -34
       3
     -62
     -55
       8
     -83
     -24
      19
     -64
      55
      85
     -39
      43
      79
      45
     103
      79
      11
      38
      64
     -29
     -66
     -29
     -15
     -53
     -34
      -5
     -81
     -78
     -17
     -56
     -38
      84
      43
      15
      79
      74
      33
      32
      75
      66
      25
      30
       8
     -38
      14
     -20
     -87
       3
     -34
    -103
      -6
     -50
     -72
      25
      -5
     -41
      41
      58
      21
      54
      85
      47
      45
     116
      57
      50
     111
      61
       6
      55
      51
       7
      60
      68
      16
      12
      32
      -8
     -18
      -1
     -37
     -39
      -3
     -50
     -53
      11
     -18
     -15
      35
     -16
     -10
      45
      32
      38
      43
      23
       5
       3
      35
      20
     -23
      10
      -8
     -55
      -4
      16
     -47
      -2
      74
     -31
     -94
       3
     -18
     -57
      50
      29
     -73
      12
      17
    -111
     -38
      11
     -94
     -41
       4
     -92
     -34
      15
     -74
     -30
      30
     -14
      35
      20
     -39
      58
      19
     -58
      28
     -24
     -74
      12
     -43
     -76
     -40
     -55
     -19
      -5
     -16
     -25
      -2
      10
       5
      22
     -32
     -42
      53
     -25
     -62
      65
     -41
     -48
      67
     -52
     -77
      43
     -12
     -42
      39
      19
     -21
      23
      49
      12
      24
      49
      30
      43
      94
      70
      50
      57
      13
       2
     -11
     -29
      16
     -14
     -36
      33
     -52
     -77
      42
       2
       1
     112
      78
      31
      49
      53
      34
     -29
      12
      41
     -58
     -33
      24
     -84
     -65
      54
     -10
     -54
      24
      26
     -32
     -20
       3
     -14
     -39
     -25
     -61
     -84
      11
      10
     -36
      21
      30
     -14
      24
      13
     -50
     -18
      37
     -73
    -137
     -38
     -75
    -148
     -76
     -57
    -131
     -75
     -63
    -146
     -87
     -59
    -108
     -35
     -45
     -74
      11
     -46
     -91
      14
      -3
     -34
      35
     -20
     -49
      -6
     -46
     -61
      -9
     -30
     -28
       6
      -8
     -13
     -12
      60
      92
      70
     105
     102
      51
     102
     145
      85
     130
     183
     135
     123
     122
      78
      92
      87
      49
      80
      60
      23
      51
      66
      32
      64
      87
      -1
       0
      63
      63
      56
      39
      52
      14
     -29
      41
      -3
     -35
      54
     -10
     -62
     -31
     -85
    -100
     -68
     -61
     -58
     -60
     -55
     -89
     -85
      -9
       0
       0
      49
      48
      28
      31
      11
     -14
       8
      24
     -15
      -6
       2
       7
      13
     -12
       1
      -1
     -34
       2
      -4
     -19
      71
      16
     -24
      75
     -12
     -16
     133
      39
      20
     161
      97
      48
     182
     135
      48
     157
     131
     -20
      42
     103
     -56
     -19
      47
    -101
     -82
     -17
    -123
    -139
     -68
     -83
     -83
     -63
     -36
     -10
     -36
     -61
     -19
      36
     -14
      29
     102
      13
      21
      76
     -29
     -49
      12
     -52
     -69
       6
     -17
     -70
     -38
     -24
     -57
     -21
     -33
     -33
      50
      23
     -15
     -25
     -59
     -47
     -42
    -112
     -61
       6
     -51
     -35
     -31
     -78
      10
      25
     -37
      69
      62
      14
      88
      -1
     -25
      89
      16
     -30
      36
     -11
     -42
      12
      -9
     -41
      -2
      -6
     -39
      -4
      32
      12
      24
      40
      54
      38
      -1
      46
      59
      23
      50
      57
      -7
      43
      90
     -23
       5
     116
     -34
     -46
      96
     -65
     -18
      90
    -135
     -37
      81
    -124
     -35
      50
     -72
      33
      76
     -36
       7
      42
       7
       3
     -14
     -13
     -16
     -40
      -7
     -25
     -75
     -12
     -34
     -55
       3
     -24
     -39
      22
     -21
     -90
     -58
     -61
    -106
     -82
     -34
     -85
     -85
     -41
     -62
     -74
     -24
      32
      25
      51
      95
      32
      46
      84
      10
      38
      40
     -46
      15
     -20
    -121
     -71
     -54
     -87
     -89
     -40
     -13
     -29
      15
      31
     -36
      21
      69
       2
      -4
      15
      35
      44
     -18
     -43
      21
      12
      -7
      38
      11
      -4
      85
      43
     -31
      30
     -18
     -24
      32
     -37
     -46
       0
     -58
     -62
     -31
     -71
     -73
     -52
     -44
     -65
     -65
     -65
     -62
     -59
     -71
     -40
     -28
     -54
     -61
     -25
     -14
     -23
     -11
     -15
     -42
       2
      12
     -40
       1
      12
     -19
      12
       3
     -36
      27
      52
       6
      39
      56
       1
     -20
      42
       4
     -60
      38
      -4
     -96
       9
     -15
     -79
      75
      33
     -19
     103
      29
     -11
      59
       0
       1
      17
     -58
     -38
     -97
    -108
     -94
    -143
     -88
    -118
    -124
      -8
     -52
     -70
      30
     -54
     -33
      45
     -49
     -41
      45
      11
     -46
     -20
     -57
     -62
      22
     -12
     -13
      19
     -31
      21
      27
     -73
      30
      77
     -34
      19
      21
     -67
     -52
      14
      30
     -20
       4
      55
       3
      -6
      40
      16
      13
      36
      46
      17
     -39
       8
      35
     -29
       2
     -10
     -61
      17
      13
     -29
      18
      -8
      -9
      44
     -15
     -27
      53
      32
     -21
      64
      44
     -46
      54
      50
     -46
      31
      -2
     -73
       3
     -15
     -83
     -53
     -56
    -121
     -86
     -67
    -106
     -76
     -32
     -56
     -63
     -38
       0
      -2
     -42
     -27
     -10
     -32
     -52
      18
      10
     -40
      67
      46
     -93
      -1
      82
     -21
      14
      90
      -4
     -15
      92
      32
     -37
      68
      81
       8
      45
     102
      57
      45
      96
      32
      23
      59
     -12
     -28
       0
     -10
      32
      33
       9
      57
      68
      94
      73
      14
      89
     151
     122
     142
     102
      53
     101
      67
     -14
      56
      90
      51
     106
     106
      50
      44
      61
      42
      25
      88
     115
      25
      32
      46
     -17
     -38
     -54
     -46
     -46
     -39
     -49
     -68
     -44
     -95
     -62
      38
     -67
     -52
      46
     -46
      -9
      -6
    -102
     -66
     -77
     -63
     -57
    -135
    -113
     -98
    -123
     -69
     -42
     -32
       7
     -17
     -15
     -12
     -17
       4
      -6
      -8
     -31
     -44
     -29
      -4
       3
      17
      36
       9
      -8
      24
       9
      -1
      75
      16
     -35
      48
     -22
    -108
       4
       4
    -115
      36
     114
     -52
       7
      18
    -182
    -115
     -25
    -116
     -35
      -3
     -93
     -59
    -119
    -171
     -77
     -77
     -70
      19
     -32
     -97
     -27
     -64
    -112
     -41
     -54
    -114
     -32
     -20
     -94
     -64
     -40
     -74
     -62
     -40
     -72
     -45
     -14
     -25
     -23
     -24
     -49
     -28
     -48
     -72
     -62
    -116
     -71
     -12
    -119
    -103
     -16
    -137
     -86
      41
     -88
     -60
      58
     -46
     -27
      44
     -35
      47
     124
      17
      72
     109
      30
     107
      99
       9
      74
      95
       4
       7
      22
     -33
     -62
     -14
     -35
     -83
      -5
     -34
    -107
     -36
     -49
    -124
     -45
     -32
     -78
     -66
     -91
    -106
    -100
     -64
     -71
    -130
    -104
     -46
     -79
     -82
      14
      39
      16
      56
      87
     -18
     -17
      87
      20
      -1
      35
     -33
     -98
    -100
    -150
    -142
     -98
     -84
     -45
     -71
     -51
     -18
     -45
      -5
      40
      25
      77
     111
      73
      78
      75
     106
     117
      68
      86
      96
      42
      83
     104
      33
      59
      98
      49
      50
      71
      61
     115
     106
      76
      90
      94
      62
      40
      80
      57
      12
      76
      29
     -66
      34
      20
     -69
       0
     -14
     -70
      19
      33
     -68
     -21
      39
     -34
     -13
      60
      -7
     -39
      42
      22
     -22
       4
       3
     -20
     -21
     -26
     -21
     -58
     -72
      -4
     -54
    -133
     -83
     -84
    -105
     -74
     -90
     -75
     -66
     -65
      14
      33
      25
      89
      75
      67
     116
      60
      46
     119
      78
      78
     108
       2
     -34
      43
      -9
     -73
     -23
      -3
     -36
     -17
      11
     -48
     -32
       2
       9
       7
      -2
      54
      43
     -32
      20
      33
     -57
       0
      63
       5
     -24
       0
     -24
     -53
      35
      88
      -2
       8
     109
      30
     -29
      59
      65
      61
      94
      48
      20
       0
       2
      26
     -23
     -49
     -17
     -43
     -85
     -47
     -74
     -81
     -30
     -34
     -41
     -13
      15
      27
      10
      33
      67
      47
      87
     103
      78
      63
      68
      65
      28
       8
      26
      -4
     -58
     -14
     -23
     -69
     -45
     -36
     -55
     -23
     -33
     -49
      22
      31
      16
      48
      28
     -26
      37
     106
      49
      70
     141
      88
      75
      76
      14
      50
     111
      72
      41
      36
       1
      13
     -25
     -47
      13
     -16
     -15
      41
     -60
     -14
      98
     -83
     -39
      76
     -58
     -56
     -15
     -74
     -35
      -8
     -71
     -57
      -6
      -6
       1
      35
     -10
      25
     127
      36
      26
     127
      74
      46
      79
      22
      12
      33
      22
      54
      46
      15
      42
      65
      53
      51
      78
      93
      51
      39
      37
      -6
     -15
     -17
     -36
    -106
    -113
     -68
    -118
    -105
     -32
     -44
     -18
      28
       6
      11
      21
      85
      62
      11
     126
      61
     -58
      60
       6
     -82
      59
      28
     -33
      21
      12
       0
      -7
      -8
       3
     -37
     -72
     -27
     -21
    -101
     -81
      -8
    -118
     -99
      17
     -91
     -69
      17
     -67
     -92
     -79
     -88
     -49
     -90
     -96
     -37
     -97
    -143
     -41
     -19
     -80
       8
      51
      10
      33
      73
      27
     -18
      37
      60
      36
      60
       7
     -18
      65
     -25
     -61
      62
      -2
     -65
      31
     -15
     -86
      10
      48
      -9
      11
      44
       5
      -1
      36
      78
      47
      35
      78
      31
      -5
      49
      31
      -3
      91
      55
      -6
      62
      63
      25
      39
      39
      37
       6
       4
      73
     -34
     -33
      92
     -14
     -12
      99
       1
      21
     100
      27
      24
      44
      80
      63
     -11
      35
       0
     -69
      35
      26
     -57
      49
      76
     -25
      33
      72
      10
      46
     104
      40
      11
      59
      44
      35
      44
     -18
     -44
      10
     -31
     -52
     -17
     -54
     -37
     -42
     -96
     -81
     -89
    -100
     -57
     -86
    -104
     -32
     -59
    -101
     -27
     -44
    -137
     -35
       7
     -96
     -28
     -19
    -109
     -68
     -46
     -84
     -79
     -16
       4
     -52
     -50
