1.000000000000000056e-01
1.343434343434343481e-01
1.686868686868686906e-01
2.030303030303030332e-01
2.373737373737373757e-01
2.717171717171716905e-01
3.060606060606060330e-01
3.404040404040403756e-01
3.747474747474747181e-01
4.090909090909090606e-01
4.434343434343434032e-01
4.777777777777777457e-01
5.121212121212120882e-01
5.464646464646464308e-01
5.808080808080807733e-01
6.151515151515151159e-01
6.494949494949494584e-01
6.838383838383838009e-01
7.181818181818181435e-01
7.525252525252524860e-01
7.868686868686868285e-01
8.212121212121211711e-01
8.555555555555555136e-01
8.898989898989898562e-01
9.242424242424241987e-01
9.585858585858585412e-01
9.929292929292928838e-01
1.027272727272727337e+00
1.061616161616161680e+00
1.095959595959596022e+00
1.130303030303030365e+00
1.164646464646464707e+00
1.198989898989899050e+00
1.233333333333333393e+00
1.267676767676767735e+00
1.302020202020202078e+00
1.336363636363636420e+00
1.370707070707070763e+00
1.405050505050505105e+00
1.439393939393939448e+00
1.473737373737373790e+00
1.508080808080808133e+00
1.542424242424242475e+00
1.576767676767676818e+00
1.611111111111111160e+00
1.645454545454545503e+00
1.679797979797979846e+00
1.714141414141414188e+00
1.748484848484848531e+00
1.782828282828282873e+00
1.817171717171717216e+00
1.851515151515151558e+00
1.885858585858585901e+00
1.920202020202020243e+00
1.954545454545454586e+00
1.988888888888888928e+00
2.023232323232323271e+00
2.057575757575757613e+00
2.091919191919191956e+00
2.126262626262626299e+00
2.160606060606060641e+00
2.194949494949494984e+00
2.229292929292929326e+00
2.263636363636363669e+00
2.297979797979798011e+00
2.332323232323232354e+00
2.366666666666666696e+00
2.401010101010101039e+00
2.435353535353535381e+00
2.469696969696969724e+00
2.504040404040404066e+00
2.538383838383838409e+00
2.572727272727272751e+00
2.607070707070707094e+00
2.641414141414141437e+00
2.675757575757575779e+00
2.710101010101010122e+00
2.744444444444444464e+00
2.778787878787878807e+00
2.813131313131313149e+00
2.847474747474747492e+00
2.881818181818181834e+00
2.916161616161616177e+00
2.950505050505050519e+00
2.984848484848484862e+00
3.019191919191919204e+00
3.053535353535353547e+00
3.087878787878787890e+00
3.122222222222222232e+00
3.156565656565656575e+00
3.190909090909090917e+00
3.225252525252525260e+00
3.259595959595959602e+00
3.293939393939393945e+00
3.328282828282828287e+00
3.362626262626262630e+00
3.396969696969696972e+00
3.431313131313131315e+00
3.465656565656565657e+00
3.500000000000000000e+00
